6 4
1.5 2.5 -3 4.5 5.6 -7 6.5 -7 8 1 10 2.5 4.1 4.1 4.1 3.5 -3 0 -3 0 4.1 3.5 3.1 3.5
1 1
1.5 
5 5 9.5 3.5 -1 4.5 7.6 -7 6.5 -17 80 101 10 2.5 4.1 4.1 4.1 3.5 -3.8 0 -3 0 4.1 3.5 3.1  0 300.5
1 24 39.5 2.5 -3.14 4.5 5.6 -7.7 6.5 -7 8 1 10.3 2.5 4.1 4.1 4.1 3.5 -3 0 -3.6 0 4.1 3.5 39.5 4.5
24 1 49.5 2.5 -3.14 4.5 5.6 -7.7 6.5 -7 8 1 10.3 2.5 49.5 4.1 4.1 3.5 -3 0 -3.6 0 4.1 3.5 49.5 4.5
7 8 49.5 2.5 -3.14 4.5 5.6 -7.7 6.5 -7 8 1 10.3 2.5 49.5 4.1 4.1 3.5 -3 0 -3.6 0 4.1 3.5 49.5 4.5
49.5 2.5 -3.14 4.5 5.6 -7.7 6.5 -7 8 1 10.3 2.5 49.5 4.1 4.1 3.5 -3 0 -3.6 0 4.1 3.5 49.5 4.5
49.5 2.5 -3.14 4.5 5.6 -7.7 6.5 -7
4 6
1.5 2.5 -3 4.5 5.6 -7 6.5 -7 8 1 10 2.5 4.1 4.1 4.1 3.5 -3 0 -3 0 4.1 3.5 3.1 3.5
3 3 3.1 3.1 3.1 4.1 4.1 4.1 4.1 3.1 3.1